Extrinsic:
R:
0.0015196 -0.99975 -0.0223111
-0.0430864 0.0222693 -1.00387
0.999101 0.0024632 -0.0423244
t: 0.00375548 0.730004 0.147962

Intrinsic:
633.333 0 635.857
0 625.175 355.141
0 0 1
************* json format *************
Extrinsic:
[0.0015196,-0.99975,-0.0223111,-0.00834341],
[-0.0430864,0.0222693,-1.00387,0.730004],
[0.999101,0.0024632,-0.0423244,0.0424253],
[0,0,0,1]

Intrinsic:
[610.6340942382812, 0.0, 635.8567504882812], 
[0.0, 610.8860473632812, 355.1409912109375], 
[0.0, 0.0, 1.0]

Distortion:
[-0.0316494,0.0345486,3.31233e-05,-0.000841619,-0.0117837]