[image]

width
1280

height
720

[narrow_stereo]

camera matrix
612.069835 0.000000 639.737659
0.000000 609.737026 359.726548
0.000000 0.000000 1.000000

distortion
-0.020808 0.014320 0.001430 0.000468 0.000000

rectification
1.000000 0.000000 0.000000
0.000000 1.000000 0.000000
0.000000 0.000000 1.000000

projection
612.406555 0.000000 640.231144 0.000000
0.000000 609.297668 361.038740 0.000000
0.000000 0.000000 1.000000 0.000000

[image]

width
1280

height
720

[narrow_stereo]

camera matrix
613.977188 0.000000 636.684368
0.000000 612.211389 359.593492
0.000000 0.000000 1.000000

distortion
-0.018239 0.013956 0.002193 -0.000090 0.000000

rectification
1.000000 0.000000 0.000000
0.000000 1.000000 0.000000
0.000000 0.000000 1.000000

projection
616.390076 0.000000 636.142006 0.000000
0.000000 612.800598 361.867262 0.000000
0.000000 0.000000 1.000000 0.000000


[image]

width
1280

height
720

[narrow_stereo]

camera matrix
612.094236 0.000000 637.254030
0.000000 610.323223 360.244406
0.000000 0.000000 1.000000

distortion
-0.017961 0.012485 0.001836 -0.001110 0.000000

rectification
1.000000 0.000000 0.000000
0.000000 1.000000 0.000000
0.000000 0.000000 1.000000

projection
612.829468 0.000000 634.517003 0.000000
0.000000 610.674011 362.052228 0.000000
0.000000 0.000000 1.000000 0.000000

