Extrinsic:
R:
-0.00859563 -0.999714 -0.0223111
-0.0428589 0.0227041 -1.00387
0.999075 -0.00764551 -0.0423244
t: 0.01927 0.699481 0.0611374

Intrinsic:
630.791 0 637.383
0 610.789 358.676
0 0 1
************* json format *************
Extrinsic:
[-0.00859563,-0.999714,-0.0223111,0.01927],[-0.0428589,0.0227041,-1.00387,0.699481],[0.999075,-0.00764551,-0.0423244,0.0611374],[0,0,0,1]

Intrinsic:
[630.791,0,637.383],[0,610.789,358.676],[0,0,1]

Distortion:
[-0.0221644,0.0188274,0.00137303,-0.0003934,-0.00294592]